20

13 13
19
11 4
1 1
12 3
1 7
2 3
0 4
12 1
9 10
10 11
7 8
3 3
3 5
2 3
10 4
9 12
1 9
5 4
10 5
9 11
5 1

19 19
32
3 1
2 2
9 9
16 14
16 7
8 5
1 15
14 4
3 16
5 9
2 3
13 3
5 8
15 18
3 13
10 6
14 13
5 1
0 3
13 13
10 2
18 8
14 14
12 17
11 18
4 10
18 17
11 5
4 7
1 4
1 12
7 13
5 1

17 17
19
11 10
1 0
8 7
15 0
14 2
10 2
7 9
9 6
11 3
14 14
15 2
3 15
1 5
13 5
2 11
10 14
13 11
5 4
9 4
5 1

10 10
18
8 5
0 9
6 3
8 5
6 1
1 5
9 8
4 8
1 0
3 0
4 4
4 4
7 6
3 1
7 5
9 6
2 1
7 8
5 1

15 15
22
9 1
8 10
14 7
0 13
8 8
3 6
3 9
11 4
13 13
8 8
11 10
4 13
3 3
9 12
2 6
14 3
0 8
5 14
7 5
4 0
5 14
14 1
5 1

19 19
21
1 3
0 4
9 5
10 7
2 3
14 17
12 18
7 8
11 14
4 9
10 8
5 10
16 6
15 16
6 4
1 4
5 18
9 14
4 16
18 3
0 13
5 1

19 19
29
13 5
18 2
0 0
12 7
8 14
17 6
1 11
0 4
12 2
9 17
1 15
9 2
12 8
5 12
0 3
0 10
9 18
12 6
18 2
11 8
17 6
11 15
17 11
17 8
10 4
3 8
0 13
10 12
18 12
5 1

15 15
23
2 5
9 13
0 4
7 14
11 1
0 14
7 12
2 5
10 0
2 4
10 2
8 8
8 5
9 5
14 6
9 1
12 10
14 4
14 14
3 11
0 10
10 7
14 4
5 1

13 13
18
11 8
8 7
9 1
7 8
5 7
11 1
11 2
0 11
7 11
11 4
8 12
7 1
6 4
7 12
4 8
8 2
5 5
10 2
5 1

10 10
16
8 7
9 0
3 3
3 7
3 2
6 5
2 6
5 8
7 9
6 0
4 1
0 4
8 7
0 8
6 2
4 7
5 1

19 19
22
15 2
0 2
1 12
0 2
2 3
3 4
7 7
14 9
2 5
8 14
2 15
8 12
7 7
12 17
16 7
3 12
10 3
11 8
13 11
10 12
14 10
13 18
5 1

11 11
13
5 8
4 9
0 1
4 7
9 10
8 7
9 4
5 8
0 1
1 4
0 3
4 10
8 10
5 1

16 16
28
10 9
2 2
7 10
11 8
15 1
9 3
0 14
14 3
8 10
12 7
10 9
13 2
3 9
12 9
11 0
2 6
10 4
8 1
14 4
9 13
5 3
1 6
1 15
9 10
9 5
1 3
15 14
5 2
5 1

11 11
20
1 5
9 8
7 10
0 2
5 7
2 3
2 7
1 7
2 5
7 8
5 3
0 2
7 9
7 6
5 0
0 6
5 7
1 10
4 1
0 7
5 1

14 14
24
2 13
9 2
10 0
3 1
10 12
12 10
4 5
8 10
6 9
1 3
12 4
2 5
1 11
7 10
11 1
1 12
0 8
12 9
9 1
10 3
11 6
13 13
11 6
7 4
5 1

13 13
31
2 3
9 7
12 8
5 9
1 8
11 3
3 9
11 8
8 1
7 4
2 12
12 6
11 9
6 5
3 10
8 6
0 7
0 0
4 5
11 5
2 11
9 7
8 7
2 5
10 11
12 1
10 0
7 10
9 2
2 0
0 11
5 1

19 19
19
12 1
14 14
5 3
11 17
15 6
15 18
12 18
5 9
12 1
17 3
11 12
12 0
15 7
5 18
3 10
13 15
11 9
7 14
9 18
5 1

12 12
27
0 4
10 3
2 6
8 10
7 2
6 3
5 4
7 8
4 6
6 3
9 5
9 3
7 8
9 10
5 7
1 5
11 3
0 2
1 0
0 0
6 10
3 0
6 11
0 11
9 11
2 6
4 4
5 1

19 19
38
12 1
2 4
2 16
18 9
11 10
14 12
4 17
16 16
12 10
16 14
2 0
9 7
9 0
1 12
17 10
2 7
12 1
12 11
18 11
1 10
2 15
0 4
10 13
17 3
5 11
18 4
11 5
9 2
5 10
11 0
17 11
8 7
12 17
0 8
9 1
15 9
14 16
10 2
5 1

16 16
16
4 5
8 7
5 2
0 0
2 11
1 0
6 13
6 3
8 1
15 10
13 5
8 10
7 14
1 9
3 6
5 7
5 1